0 0 0 000000000
1 14 0 00007F4BF
2 7 5 00008193A
3 3 0 0000CCCCC
4 4 1 000104230
5 5 2 0001486AF
6 6 0 000190B2A
7 7 1 0001E0FA5
8 8 2 000210020
9 9 0 00024849F
10 10 1 00028491A
11 11 2 0002C2D95
12 0 0 000301210
13 1 1 00034068F
14 2 2 000381B0A
15 3 0 0003C2F85
16 4 1 000404000
17 5 2 0004484BF
18 6 0 00049093A
19 7 1 0004E0DB5
20 8 2 000510230
21 9 0 0005486AF
22 10 1 000584B2A
23 11 2 0005C2FA5
24 0 0 000601020
25 1 1 00064049F
26 2 2 00068191A
27 3 0 0006C2D95
28 4 1 000704210
29 5 2 00074868F
30 6 0 000790B0A
31 7 1 0007E0F85
32 8 2 3FFFC0000
1000 0 0 000000000
1001 11 1 3FFFC1485
